"瞬态热传导+时变固定温度"
8,1,0,1,3,0.0,0,1,		   !2.1主控制卡 节点总数，线性单元组数目（15个传导元，1个对流元），非线性单元组数目，计算方式（检查数据、求解，重启），时间不长不变的时段数，打印间隔，温度计带
1,0,0              !2.2分析类型：稳态，受有集中比热的节点数目，相变界面数
0                  !2.3不分析频域：
1,1,15,0.001       !2.4重新形成矩阵的时间步数，平衡迭代间的时间步，平衡迭代最大次数
2,0.5                !2.5时间积分方式
0,0                !2.6打印控制卡
0,
3,2,8                  !3.1第一个求解时间段的时间步长
0.1,0.2,0.3               ！时间步长增量
 1,0,0,0,0,
 2,0,0,1,0,
 3,0,1,1,0,
 4,0,1,0,0,
 5,0,1,0,0,
 6,0,0,1,1,
 7,0,1,1,1,
 8,0,1,0,1,
0,1                  !6.initial conditions   集中比热节点数目为0时跳过第5节
2,4,0,1,0,0,0,0,0,0,0    !7.1heat flow contral card; error:1,2,0,0,5,5,0,0,0,0,0
1,4,                      !8. 时间函数的确定 curve contral card
0,0,0.31,10,0.71,10,3.2,15
2,2,
0,10,3.1,10,
1,1,1.0,0.0,0,							! fix temperature
3,1,0,0,,,8,,,2,2,,0,,1,1,1,1,,,,,,,,,,    !12.1 3d conduction element contral card
1,                                   !12.2 material ID
1,									!conduction k
1,									!heat capacity c  12.3热流输出卡滤去
1,8,8,0,1,0,1,10.0,
1,2,3,4,5,6,7,8,