"一维潜热分析"
9,1,0,1,1,0.0,1,0,		! 2.1 
1,0,1
0
5,1,100,0.0001,
1,1,
1,1,
1,9,
4,
1,
    1         0              0.000        0.000        0.000
    2         0              0.500        0.000        0.000
    3         0              1.000        0.000        0.000
    4         0              1.500        0.000        0.000
    5         0              2.000        0.000        0.000
    6         0              2.500        0.000        0.000
    7         0              3.000        0.000        0.000
    8         0              3.500        0.000        0.000
    9         0              4.000        0.000        0.000
0,0,
1,2,0,1,0,0,0,,,,,			!7.1 heat flow contral card;
-0.1						!7.2 下相变界面温度
0.0							!7.3 相变转变温度增量 
1							!7.4 初始相变状态标志，1-初始时刻为液体
1,2,							!8. 时间函数的确定 curve contral card
0,1,10,1,
1,1,-45,0.0,0,
1,8,,,,,,,,,,,,,1,1,1,1,,,,			!10.1 一维传导元，8个单元，固定K,C，
1,1							!10.2 横截面积1
70.26						!10.3 单位体积潜热
1.08						!传导率和比热
1
     1     0     1     2     1     1         0.00000E+00		！10.3 单元数据
     2     0     2     3     1     1         0.00000E+00
     3     0     3     4     1     1         0.00000E+00
     4     0     4     5     1     1         0.00000E+00
     5     0     5     6     1     1         0.00000E+00
     6     0     6     7     1     1         0.00000E+00
     7     0     7     8     1     1         0.00000E+00
     8     0     8     9     1     1         0.00000E+00 
	 
	 
 SOLIDIFICATION OF A SEMI-INFINITE SLAB OF LIQUID
    9    1         1    1
    1         1

    1    1  100     1.E-4

         1

    4
        1.
    1                                       1
    9             4.

    1    2         1
-.1
0.
    1
    1    2
        0.        1.       10.        1.
    1    1      -45.
   1   8                                                   1   1
    1        1.
70.26
      1.08
        1.
    1         1    2    1    1
    8         8    9    1    0