           1   10.00000       23.32471       9.639792       12.17091    
   11.51139       10.62618       10.42624       9.905969    
           2   10.00000       36.27012       11.60042       14.84154    
   14.60670       11.62587       11.44977       8.428764    
           3   10.00000       49.57365       11.22728       16.98531    
   16.09089       12.24220       11.86784       8.327839    
           4   10.00000       50.90359       11.18971       17.19917    
   16.23879       12.30364       11.90949       8.317574    
           5   10.00000       50.90359       11.18971       17.19917    
   16.23879       12.30364       11.90949       8.317574    
           6   10.00000       53.30425       11.12176       17.58501    
   16.50556       12.41446       11.98462       8.298965    
           7   10.00000       55.78744       11.05132       17.98383    
   16.78119       12.52898       12.06224       8.279607    
           8   10.00000       58.27037       10.98071       18.38233    
   17.05650       12.64338       12.13976       8.260140    
           9   10.00000       60.75304       10.90995       18.78050    
   17.33149       12.75766       12.21719       8.240569    
          10   10.00000       63.23546       10.83902       19.17835    
   17.60615       12.87181       12.29452       8.220890    
          11   10.00000       65.71761       10.76793       19.57589    
   17.88049       12.98585       12.37176       8.201106    
          12   10.00000       68.19953       10.69669       19.97310    
   18.15450       13.09976       12.44890       8.181216    
          13   10.00000       70.68119       10.62528       20.37000    
   18.42820       13.21355       12.52595       8.161219    
